step: 1
description: Relative importance scores for step 1
problems:
  decision-fatigue: 16.43835616438356
  state-fragility: 31.506849315068493
  premature-commitment: 8.904109589041095
  reproducibility-crisis: 29.45205479452055
  linkml-multifile-limitation: 6.8493150684931505
  uv-monorepo-entanglement: 6.8493150684931505
needs:
  reversible-architecture: 4.182509505703422
  fault-tolerant-workflows: 3.4220532319391634
  deferred-infrastructure-decisions: 3.802281368821293
  evolutionary-architecture: 3.041825095057034
  deterministic-replay: 3.4220532319391634
  automatic-provenance: 3.4220532319391634
  interruptible-pipelines: 3.802281368821293
  complete-audit-trail: 3.4220532319391634
  quick-infrastructure-visualization: 1.9011406844106464
  encryption-for-photo-storage: 1.9011406844106464
  shared-infrastructure-with-safety: 10.26615969581749
  multi-language-support: 1.520912547528517
  ai-assisted-design: 3.4220532319391634
  understandable-documentation: 7.224334600760455
  deployability-visibility: 3.802281368821293
  time-travel-debugging: 4.562737642585551
  etl-idempotency: 3.4220532319391634
  provenance-tracking: 4.182509505703422
  instrumentation: 0.7604562737642585
  find-pictures-of-people: 3.802281368821293
  share-photos-with-friends: 6.083650190114068
  custom-album-organization: 0.0
  automatic-date-organization: 1.9011406844106464
  collaborative-photo-upload: 4.942965779467681
  shared-photo-viewing: 3.041825095057034
  preserve-harvested-data-compatibility: 1.1406844106463878
  organized-component-lifecycle: 3.802281368821293
  modular-organization: 1.9011406844106464
  consolidated-workspace: 1.9011406844106464
features:
  mermaid-def-rendering: 8.661417322834646
  minio-storage: 14.960629921259844
  tailscale-networking: 11.023622047244094
  dizzy-strategizer: 4.724409448818897
  diataxis-documentation: 6.299212598425196
  nvpsm-framework: 4.724409448818897
  facial-recognition: 6.299212598425196
  tag-based-albums: 0.0
  notification-system: 7.874015748031496
  calendar-albums: 3.937007874015748
  remote-upload: 11.811023622047244
  remote-viewer: 11.811023622047244
  content-addressable-storage: 0.0
  file-provenance-manifest: 0.0
  linkml-multifile-generation: 7.874015748031496
