step: 5
description: Relative importance scores for step 5
problems:
  decision-fatigue: 11.570643543586215
  state-fragility: 38.87339904169624
  premature-commitment: 3.784923020982628
  reproducibility-crisis: 39.20141518876156
  linkml-multifile-limitation: 6.421821136835332
  uv-monorepo-entanglement: 0.14779806813801658
needs:
  reversible-architecture: 3.7830913077593356
  fault-tolerant-workflows: 6.227185020541602
  deferred-infrastructure-decisions: 1.7267421409422132
  evolutionary-architecture: 1.2286250828207559
  deterministic-replay: 6.214506743622094
  automatic-provenance: 6.214506743622094
  interruptible-pipelines: 7.464734191276398
  complete-audit-trail: 6.214506743622094
  quick-infrastructure-visualization: 0.705512155926748
  encryption-for-photo-storage: 1.8162371593487048
  shared-infrastructure-with-safety: 9.161149041227114
  multi-language-support: 0.5687099890269596
  ai-assisted-design: 1.4664953011589057
  understandable-documentation: 7.398427697356811
  deployability-visibility: 5.26539524019163
  time-travel-debugging: 7.0885495105328005
  etl-idempotency: 5.568582810375062
  provenance-tracking: 7.055190510170589
  instrumentation: 1.1128904202272576
  find-pictures-of-people: 1.588743422940184
  share-photos-with-friends: 3.1739387869339524
  custom-album-organization: 0.0
  automatic-date-organization: 0.013610492253235292
  collaborative-photo-upload: 2.944681477741696
  shared-photo-viewing: 2.012417200364092
  preserve-harvested-data-compatibility: 2.24892896507255
  organized-component-lifecycle: 1.6387424802620052
  modular-organization: 0.04894968234155205
  consolidated-workspace: 0.04894968234155205
features:
  mermaid-def-rendering: 7.763273822457363
  minio-storage: 19.39164088042031
  tailscale-networking: 12.367471786576555
  dizzy-strategizer: 5.24048736953154
  diataxis-documentation: 7.736821959079494
  nvpsm-framework: 4.979734999958358
  facial-recognition: 3.025151168546297
  tag-based-albums: 0.0
  notification-system: 5.168063019042914
  calendar-albums: 0.03711425511325431
  remote-upload: 13.376751593289235
  remote-viewer: 11.385308854507734
  content-addressable-storage: 0.0
  file-provenance-manifest: 0.0
  linkml-multifile-generation: 9.528180291476938
