step: 6
description: Relative importance scores for step 6
problems:
  decision-fatigue: 11.254765914294545
  state-fragility: 38.598829341889015
  premature-commitment: 3.5711040707703123
  reproducibility-crisis: 38.87651732507209
  linkml-multifile-limitation: 7.631875411970085
  uv-monorepo-entanglement: 0.06690793600394226
needs:
  reversible-architecture: 3.6582794847310613
  fault-tolerant-workflows: 6.369360195932301
  deferred-infrastructure-decisions: 1.5114756265392428
  evolutionary-architecture: 1.055908047812257
  deterministic-replay: 6.382275080168339
  automatic-provenance: 6.382275080168339
  interruptible-pipelines: 7.685042310858534
  complete-audit-trail: 6.382275080168339
  quick-infrastructure-visualization: 0.7641527986254355
  encryption-for-photo-storage: 1.908753573247283
  shared-infrastructure-with-safety: 8.94053698034276
  multi-language-support: 0.537282064022149
  ai-assisted-design: 1.4343793089845653
  understandable-documentation: 7.668630548810702
  deployability-visibility: 5.451267780339838
  time-travel-debugging: 7.206678489308742
  etl-idempotency: 5.75627753046349
  provenance-tracking: 7.299743434753217
  instrumentation: 1.1470262246762999
  find-pictures-of-people: 1.4184471149583973
  share-photos-with-friends: 2.734472854763976
  custom-album-organization: 0.0
  automatic-date-organization: 0.0036532218961090775
  collaborative-photo-upload: 2.55581026076742
  shared-photo-viewing: 1.8510874226021305
  preserve-harvested-data-compatibility: 2.29582653008053
  organized-component-lifecycle: 1.5699869034976905
  modular-organization: 0.014548025740427687
  consolidated-workspace: 0.014548025740427687
features:
  mermaid-def-rendering: 7.635559412072987
  minio-storage: 19.535330286013366
  tailscale-networking: 12.909924753484825
  dizzy-strategizer: 5.368110774227882
  diataxis-documentation: 7.612128951415046
  nvpsm-framework: 4.89091244930299
  facial-recognition: 3.211999890781424
  tag-based-albums: 0.0
  notification-system: 5.626225975128837
  calendar-albums: 0.012515191617877192
  remote-upload: 14.05013405704523
  remote-viewer: 11.735266290631722
  content-addressable-storage: 0.0
  file-provenance-manifest: 0.0
  linkml-multifile-generation: 7.4118919682778435
