step: 7
description: Relative importance scores for step 7
problems:
  decision-fatigue: 11.091048199197136
  state-fragility: 39.45250070208415
  premature-commitment: 3.2607371528456044
  reproducibility-crisis: 40.025984234119875
  linkml-multifile-limitation: 6.149807919178628
  uv-monorepo-entanglement: 0.019921792574611016
needs:
  reversible-architecture: 3.6074642958810874
  fault-tolerant-workflows: 6.332939145396195
  deferred-infrastructure-decisions: 1.463035740187801
  evolutionary-architecture: 1.018781884012134
  deterministic-replay: 6.343900186992451
  automatic-provenance: 6.343900186992451
  interruptible-pipelines: 7.645365922633111
  complete-audit-trail: 6.343900186992451
  quick-infrastructure-visualization: 0.7534867314662524
  encryption-for-photo-storage: 1.9277712831423903
  shared-infrastructure-with-safety: 9.116780321709593
  multi-language-support: 0.5399661346056658
  ai-assisted-design: 1.4066704178050917
  understandable-documentation: 7.614624764828005
  deployability-visibility: 5.424865849088097
  time-travel-debugging: 7.162747258200339
  etl-idempotency: 5.743882323465302
  provenance-tracking: 7.278436028790053
  instrumentation: 1.1473505884927249
  find-pictures-of-people: 1.4750152715177884
  share-photos-with-friends: 2.8962475173622146
  custom-album-organization: 0.0
  automatic-date-organization: 0.001235015054812854
  collaborative-photo-upload: 2.7060689723287115
  shared-photo-viewing: 1.9224317239404647
  preserve-harvested-data-compatibility: 2.28538899559274
  organized-component-lifecycle: 1.4845381327737202
  modular-organization: 0.006602560374168659
  consolidated-workspace: 0.006602560374168659
features:
  mermaid-def-rendering: 8.072703826313573
  minio-storage: 20.044973878048943
  tailscale-networking: 12.36258381360865
  dizzy-strategizer: 5.315711866260947
  diataxis-documentation: 7.972839613232526
  nvpsm-framework: 5.1054970867525284
  facial-recognition: 2.859563992825735
  tag-based-albums: 0.0
  notification-system: 4.945163826100204
  calendar-albums: 0.003414898668904442
  remote-upload: 13.302451913632197
  remote-viewer: 11.41352979903168
  content-addressable-storage: 0.0
  file-provenance-manifest: 0.0
  linkml-multifile-generation: 8.601565485524128
