step: 14
description: Relative importance scores for step 14
problems:
  decision-fatigue: 10.909045873290953
  state-fragility: 39.973040867980394
  premature-commitment: 3.019200427995094
  reproducibility-crisis: 40.64830250112269
  linkml-multifile-limitation: 5.450388951737162
  uv-monorepo-entanglement: 2.1377873705096667e-05
needs:
  reversible-architecture: 3.5406493728842388
  fault-tolerant-workflows: 6.417353050425369
  deferred-infrastructure-decisions: 1.3449432487865067
  evolutionary-architecture: 0.9236793854500878
  deterministic-replay: 6.4441990224396255
  automatic-provenance: 6.4441990224396255
  interruptible-pipelines: 7.77518013095536
  complete-audit-trail: 6.4441990224396255
  quick-infrastructure-visualization: 0.8069756978809582
  encryption-for-photo-storage: 1.9910315112761159
  shared-infrastructure-with-safety: 9.024253518628225
  multi-language-support: 0.5247886980063377
  ai-assisted-design: 1.411008259552814
  understandable-documentation: 7.813748019469606
  deployability-visibility: 5.547499799557014
  time-travel-debugging: 7.236823216017012
  etl-idempotency: 5.8597269853388845
  provenance-tracking: 7.428185997537086
  instrumentation: 1.1690128223471952
  find-pictures-of-people: 1.392909400031403
  share-photos-with-friends: 2.6525162019325554
  custom-album-organization: 0.0
  automatic-date-organization: 2.546054505536052e-07
  collaborative-photo-upload: 2.4889381533924584
  shared-photo-viewing: 1.8448566923169916
  preserve-harvested-data-compatibility: 2.3124195602759157
  organized-component-lifecycle: 1.160893881882351
  modular-organization: 4.537065596589714e-06
  consolidated-workspace: 4.537065596589714e-06
features:
  mermaid-def-rendering: 8.362109119873871
  minio-storage: 20.722253032728194
  tailscale-networking: 12.655904620361428
  dizzy-strategizer: 5.469424625663122
  diataxis-documentation: 8.206419102814683
  nvpsm-framework: 5.244478472866849
  facial-recognition: 2.8763611366635167
  tag-based-albums: 0.0
  notification-system: 4.962768384401663
  calendar-albums: 8.945353286264259e-07
  remote-upload: 13.57807803478918
  remote-viewer: 11.726685280352648
  content-addressable-storage: 0.0
  file-provenance-manifest: 0.0
  linkml-multifile-generation: 6.195517294949521
