step: 16
description: Relative importance scores for step 16
problems:
  decision-fatigue: 10.94263904951359
  state-fragility: 40.11333614093181
  premature-commitment: 3.024741105578839
  reproducibility-crisis: 40.79740288559526
  linkml-multifile-limitation: 5.121877977039822
  uv-monorepo-entanglement: 2.84134068902747e-06
needs:
  reversible-architecture: 3.540406892935468
  fault-tolerant-workflows: 6.419290612918218
  deferred-infrastructure-decisions: 1.3436595175580266
  evolutionary-architecture: 0.922640355721896
  deterministic-replay: 6.446136597692502
  automatic-provenance: 6.446136597692502
  interruptible-pipelines: 7.777755030484118
  complete-audit-trail: 6.446136597692502
  quick-infrastructure-visualization: 0.8081969021242114
  encryption-for-photo-storage: 1.9947900779074041
  shared-infrastructure-with-safety: 9.038452781502794
  multi-language-support: 0.5253768817321633
  ai-assisted-design: 1.411643007994165
  understandable-documentation: 7.817952672128388
  deployability-visibility: 5.550529175146479
  time-travel-debugging: 7.239267790335828
  etl-idempotency: 5.863527065034913
  provenance-tracking: 7.432501063518878
  instrumentation: 1.1700220224363214
  find-pictures-of-people: 1.3964765906232282
  share-photos-with-friends: 2.658728249399669
  custom-album-organization: 0.0
  automatic-date-organization: 2.3320236140983832e-08
  collaborative-photo-upload: 2.4947159900426676
  shared-photo-viewing: 1.8494258395432683
  preserve-harvested-data-compatibility: 2.3131920205645216
  organized-component-lifecycle: 1.0930384413192737
  modular-organization: 6.01315182568914e-07
  consolidated-workspace: 6.01315182568914e-07
features:
  mermaid-def-rendering: 8.403913333653207
  minio-storage: 20.803791369254824
  tailscale-networking: 12.68307728420727
  dizzy-strategizer: 5.486437450357054
  diataxis-documentation: 8.246623606142837
  nvpsm-framework: 5.270209869220853
  facial-recognition: 2.8770349421379784
  tag-based-albums: 0.0
  notification-system: 4.960040032363748
  calendar-albums: 8.21736145076146e-08
  remote-upload: 13.602218883777379
  remote-viewer: 11.758431491071967
  content-addressable-storage: 0.0
  file-provenance-manifest: 0.0
  linkml-multifile-generation: 5.908221655639295
