step: 19
description: Relative importance scores for step 19
problems:
  decision-fatigue: 11.001119089905265
  state-fragility: 40.32040937752648
  premature-commitment: 3.0398765652941147
  reproducibility-crisis: 41.01841439409088
  linkml-multifile-limitation: 4.620180462839512
  uv-monorepo-entanglement: 1.103437331404936e-07
needs:
  reversible-architecture: 3.5390613085940914
  fault-tolerant-workflows: 6.418365523440063
  deferred-infrastructure-decisions: 1.3421132807565577
  evolutionary-architecture: 0.9214880918331281
  deterministic-replay: 6.444768540595891
  automatic-provenance: 6.444768540595891
  interruptible-pipelines: 7.776568046945329
  complete-audit-trail: 6.444768540595891
  quick-infrastructure-visualization: 0.8083013110872583
  encryption-for-photo-storage: 1.9999643629922403
  shared-infrastructure-with-safety: 9.068184277608852
  multi-language-support: 0.5266592693804757
  ai-assisted-design: 1.4109601110769925
  understandable-documentation: 7.816718853816587
  deployability-visibility: 5.550914487418
  time-travel-debugging: 7.23898358496194
  etl-idempotency: 5.865919445962541
  provenance-tracking: 7.43443456392952
  instrumentation: 1.1710489230040237
  find-pictures-of-people: 1.4058924941181608
  share-photos-with-friends: 2.678894937066932
  custom-album-organization: 0.0
  automatic-date-organization: 7.231977029255988e-10
  collaborative-photo-upload: 2.5132217648335295
  shared-photo-viewing: 1.860752059974666
  preserve-harvested-data-compatibility: 2.3131681512167277
  organized-component-lifecycle: 1.0040794551387213
  modular-organization: 3.6166406905242055e-08
  consolidated-workspace: 3.6166406905242055e-08
features:
  mermaid-def-rendering: 8.45912707259195
  minio-storage: 20.89785790325391
  tailscale-networking: 12.699159342241412
  dizzy-strategizer: 5.502261608205805
  diataxis-documentation: 8.301216351175004
  nvpsm-framework: 5.305297588452036
  facial-recognition: 2.8712391511214808
  tag-based-albums: 0.0
  notification-system: 4.945892612092265
  calendar-albums: 2.045970596731937e-09
  remote-upload: 13.61268579917215
  remote-viewer: 11.781736863513656
  content-addressable-storage: 0.0
  file-provenance-manifest: 0.0
  linkml-multifile-generation: 5.6235257061343615
